46.72887444496155000	{'distances_max': [10.7161, 10.3817, 10.5104]}	10.7161
57.31799077987671000	{'distances_max': [10.7161, 10.3817, 10.5104]}	10.7161
68.94131684303284000	{'distances_max': [10.7161, 10.3817, 10.5104]}	10.7161
79.98363900184631000	{'distances_max': [10.7161, 10.3817, 10.5104]}	10.7161
91.43324542045593000	{'distances_max': [10.7161, 10.3817, 10.5104]}	10.7161
102.9871766567230200	{'distances_max': [10.7161, 10.3817, 10.5104]}	10.7161
114.2770349979400600	{'distances_max': [10.7161, 10.3817, 10.5104]}	10.7161
125.4831230640411400	{'distances_max': [10.7161, 10.3817, 10.5104]}	10.7161
137.4680702686309800	{'distances_max': [10.7161, 10.3817, 10.5104]}	10.7161
149.4799449443817000	{'distances_max': [10.7161, 10.3817, 10.5104]}	10.7161
160.7665820121765000	{'distances_max': [10.7161, 10.3817, 10.5104]}	10.7161
172.4875872135162400	{'distances_max': [10.7161, 10.3817, 10.5104]}	10.7161
183.9023084640503000	{'distances_max': [10.7161, 10.3817, 10.5104]}	10.7161
195.5781199932098400	{'distances_max': [10.7161, 10.3817, 10.5104]}	10.7161
207.7607333660125700	{'distances_max': [10.7161, 10.3817, 10.5104]}	10.7161
220.7678198814392000	{'distances_max': [10.7161, 10.3817, 10.5104]}	10.7161
232.8583011627197300	{'distances_max': [10.7161, 10.3817, 10.5104]}	10.7161
248.3949279785156200	{'distances_max': [10.7161, 10.3817, 10.5104]}	10.7161
261.3205828666687000	{'distances_max': [10.7161, 10.3817, 10.5104]}	10.7161
273.7901442050934000	{'distances_max': [10.7161, 10.3817, 10.5104]}	10.7161
286.3188819885254000	{'distances_max': [10.7161, 10.3817, 10.5104]}	10.7161
298.9951853752136000	{'distances_max': [10.7161, 10.3817, 10.5104]}	10.7161
311.4687995910644500	{'distances_max': [10.7161, 10.3817, 10.5104]}	10.7161
324.1668846607208000	{'distances_max': [10.7161, 10.3817, 10.5104]}	10.7161
336.6904923915863000	{'distances_max': [10.7161, 10.3817, 10.5104]}	10.7161
348.6487443447113000	{'distances_max': [10.7161, 10.3817, 10.5104]}	10.7161
361.2338812351227000	{'distances_max': [10.7161, 10.3817, 10.5104]}	10.7161
373.4619541168213000	{'distances_max': [10.7161, 10.3817, 10.5104]}	10.7161
384.8317110538482700	{'distances_max': [10.7161, 10.3817, 10.5104]}	10.7161
396.8298788070678700	{'distances_max': [10.7161, 10.3817, 10.5104]}	10.7161
409.4334924221039000	{'distances_max': [10.7161, 10.3817, 10.5104]}	10.7161
421.4496123790741000	{'distances_max': [10.7161, 10.3817, 10.5104]}	10.7161
434.2503354549408000	{'distances_max': [10.7161, 10.3817, 10.5104]}	10.7161
446.0761098861694300	{'distances_max': [10.7161, 10.3817, 10.5104]}	10.7161
457.8772165775299000	{'distances_max': [10.7161, 10.3817, 10.5104]}	10.7161
469.5567414760589600	{'distances_max': [10.7161, 10.3817, 10.5104]}	10.7161
480.7808206081390400	{'distances_max': [10.7161, 10.3817, 10.5104]}	10.7161
491.7075634002685500	{'distances_max': [10.7161, 10.3817, 10.5104]}	10.7161
502.0663900375366000	{'distances_max': [10.7161, 10.3817, 10.5104]}	10.7161
513.6883940696716000	{'distances_max': [10.7161, 10.3817, 10.5104]}	10.7161
524.8843061923981000	{'distances_max': [10.7161, 10.3817, 10.5104]}	10.7161
537.4237263202667000	{'distances_max': [10.7161, 10.3817, 10.5104]}	10.7161
549.2282629013062000	{'distances_max': [10.7161, 10.3817, 10.5104]}	10.7161
561.2022299766540000	{'distances_max': [10.7161, 10.3817, 10.5104]}	10.7161
572.9490509033203000	{'distances_max': [10.7161, 10.3817, 10.5104]}	10.7161
586.3721654415131000	{'distances_max': [10.7161, 10.3817, 10.5104]}	10.7161
597.7123441696167000	{'distances_max': [10.7161, 10.3817, 10.5104]}	10.7161
609.3423628807068000	{'distances_max': [10.7161, 10.3817, 10.5104]}	10.7161
