381.3558807373047000	{'distances_max': [15.7746, 15.5638, 16.2519]}	16.2519
449.2841916084289600	{'distances_max': [15.7746, 15.5638, 16.2519]}	16.2519
512.7584464550018000	{'distances_max': [15.7746, 15.5638, 16.2519]}	16.2519
576.4630231857300000	{'distances_max': [15.7746, 15.5638, 16.2519]}	16.2519
641.4582221508026000	{'distances_max': [15.7746, 15.5638, 16.2519]}	16.2519
706.7585232257843000	{'distances_max': [15.7746, 15.5638, 16.2519]}	16.2519
772.4099321365356000	{'distances_max': [15.7746, 15.5638, 16.2519]}	16.2519
837.6016170978546000	{'distances_max': [15.7746, 15.5638, 16.2519]}	16.2519
902.1459255218506000	{'distances_max': [15.7746, 15.5638, 16.2519]}	16.2519
965.2302548885345000	{'distances_max': [15.7746, 15.5638, 16.2519]}	16.2519
1028.389321804046600	{'distances_max': [15.7746, 15.5638, 16.2519]}	16.2519
1089.848878145218000	{'distances_max': [15.7746, 15.5638, 16.2519]}	16.2519
1150.809885501861600	{'distances_max': [15.7746, 15.5638, 16.2519]}	16.2519
1201.693787097931000	{'distances_max': [15.7746, 15.5638, 16.2519]}	16.2519
